50
137857688 413115088
679783990 171274023
783725811 742261681
238387441 531682046
683427743 559301752
843391076 398722857
593760457 2628387
441381803 788912528
771854880 916901718
976015955 978145894
235492265 264125858
866638949 551120745
238176883 201620672
254029772 950305054
356294983 203393748
291672611 722032663
560013448 126478507
929678215 321924654
737812220 884493567
388266395 252551113
79292652 229453232
367753702 242882326
930211560 461283594
955372388 594944846
506995906 872449795
538015463 457419763
950540066 820099707
823860276 896193555
538832788 47584891
88242680 700680580
196842555 623621497
700528228 610051112
668066226 170226832
522278872 914689320
375621149 336628938
418416931 270027322
179882058 480538711
540671906 215602397
201411561 930064341
36616963 35887002
772894889 944088968
891134170 633761602
975099001 434725536
926070958 326905396
727328509 867529847
340789259 890185621
923620442 986091986
747688776 107231383
38070714 495529501
610348800 235616181