500
496366036 247523804
521906288 633577222
187049557 33348207
936337488 321934556
305946435 552513681
444167523 593567897
600683447 290909875
483416121 231763417
44195682 166785390
689974350 926249731
259615483 450867910
244750637 63050887
293378586 118295400
601166993 501800481
466684512 390649838
307027083 525314581
398457082 437418007
753178394 195627123
477011675 769015825
468812710 161761362
798468398 638499761
755279353 207395094
532280551 389945783
729502852 725415851
587759620 837223693
400547096 775646665
988168781 657759750
304944405 53327664
100531080 325258657
65788917 397456619
609761169 304789700
956401156 455287439
146279481 130417027
662988213 128983418
600761363 554301016
442163665 966717974
2812547 371059562
418126341 492790037
577784680 590905800
635945595 304493748
991700581 799729837
486941609 932601850
240468111 208257211
554200140 816810487
624325646 809735489
393504961 287081735
50773713 775694199
479721411 381642254
262582190 630091199
444567054 180561340
496442495 775272675
639164930 760861128
862648056 951594331
289289930 546438198
100005889 815801990
568504980 722856083
64515681 963059181
174209459 606992181
761881077 980521605
918663417 645867133
573918676 297104363
52913837 25841686
32917155 599357863
317415458 715002421
199009809 702658668
667735510 12599512
111502341 403870036
212199117 498761993
56779979 41422629
169368544 883895322
40677063 257434000
895778115 503349481
501063324 709188206
251135659 767000859
358302274 761255683
304613694 462042721
727226358 514859325
950846567 503187896
359291074 830785780
738548125 196452514
91197482 246044457
208149145 967691888
8018 151205192
103081578 341827961
802431152 980223080
305122213 104703585
4007514 829284487
218381924 415959893
811666520 761929168
541637416 673304395
409353535 896541654
754077850 836063556
185014928 656550616
555653390 788939660
174947830 36935933
26680416 231323382
609061944 121829271
219381135 250253345
997282 986972257
858183042 873343159
231884843 902525635
248322528 717250731
751443988 307233546
645656364 931453304
378572114 724150194
378659603 330136934
762438147 472085662
885495863 354984646
331842985 7861851
63779214 68961075
963917984 860788067
391651029 366419152
831987963 666347861
762207235 976795022
337797757 761494079
214046385 790947941
348469498 26130390
680482457 438942871
584507607 697427642
641497070 573064946
118156305 58542517
619045485 995443468
996307465 769190650
570859213 353318535
251260903 22259560
674398646 181793868
496824783 31219141
528799152 380735441
200140421 148656645
551485586 692207189
743144709 645364354
737181945 173579808
956208623 87599939
820030606 725410246
56802980 195179319
652249526 24025442
122325019 517206904
711682815 425781724
319882757 312513163
582734681 896410661
820611274 370006428
857689839 196169336
201273429 817179076
517120472 270594457
804483806 31033668
156616266 858652695
605188680 861387465
962917306 946702218
241764303 798564008
928912975 352023511
591593236 323325984
832224383 878838377
260490235 351931037
348997554 673090935
822422102 313299696
221386164 798183747
393126145 328293018
602303209 439733079
713251459 707267840
686856990 864840647
997341750 691101365
660940866 99544179
55234326 157292213
81203641 818947139
202761697 438419365
756920370 67302507
442539593 938511126
445485628 657482663
111847390 390129857
382397114 630653309
924672080 61751755
275074193 818341247
151218972 570614783
604561360 593502856
528408199 634401048
807852685 578206204
433460259 144292342
972532529 730546954
132282265 773960165
987985277 630672363
238505718 44219868
610381054 218801442
43927000 909836729
449101475 168399035
645748259 718386055
248109659 715450765
284050799 684744377
282897582 505447546
636330581 879051630
995531883 173521324
641386967 774317997
994748066 790218199
412992074 304006312
267250585 50937723
451703536 555455482
302449095 557018657
896207799 28297451
538448233 52871579
215902839 38599080
5263025 205950790
33435239 469515405
477329567 55961416
738492904 972424541
614958695 153323988
664086232 641623173
756107485 753282658
3158259 351830110
456749362 129819897
139356423 760495210
631425247 405863272
692140844 553816212
736973742 367662214
425001008 401223794
470879792 975603063
837287747 224514180
248946160 822345959
481117084 375879028
831405484 408545358
552610916 591117141
606481454 816533804
702793469 646594789
144343869 211356236
123650389 530393293
652005124 203405058
822802377 334414045
435599353 517549166
734026063 355037522
90766686 660683961
540249449 302885906
851092769 254435413
783239132 310205420
615393414 825713983
193728671 34230747
29008100 373793854
113035570 931697729
430263761 866436642
751220245 670897197
230405617 415779079
648948424 602128535
894885185 525793170
30205957 615785889
668394476 945640496
202027766 779446229
887388611 974152283
517481386 422572395
106289320 319702486
570669898 504805761
940122092 684825070
908271812 757829475
991422918 850949305
455467357 192404418
783802733 885483096
491212568 42662911
794198686 334807094
244815019 198654815
735334299 456685640
940658980 232309333
725085709 748708940
820365257 249793469
78190806 193769228
541188223 100468764
464470620 918417818
553951884 254738659
822881925 661470355
304567802 535708075
459387519 188797278
890703970 18788728
388609054 66061676
64451594 733035000
233228560 7923063
335675891 162108611
151995437 312196292
488004891 589967002
967573764 565340259
392713616 115388585
370569392 757777003
826601317 479069638
396944932 853065536
123116025 737296305
100801241 642945743
156150704 155719252
390635617 724372430
315572699 988241155
714259579 766963454
399947028 577107899
464774587 40360042
508310769 784529507
51429173 738553511
372154269 255745039
844177041 118433812
88204858 2936378
199203686 86378521
540342901 244249609
200377631 751613545
52032864 138540428
913287079 953171522
354341044 554354942
424031470 475516329
244029878 546482690
883235268 53620399
110885752 711850725
944981788 105365169
416856731 49095137
825065572 552697233
26519117 173764181
403818477 333880576
795148405 349092879
100321459 64355766
834045295 169485444
664953692 691892405
617764568 435755540
727726994 82061451
159708536 42019657
462202298 20560014
514533174 416842262
661871594 359944223
922920474 694686489
713299626 142182378
947303950 119352027
138623233 593763106
117790338 698872076
429894717 200768199
991973402 187661257
406052654 665355489
737835519 173668568
177500985 973181891
764786014 379696360
860917205 684729163
139117139 366234324
476425244 638537758
114105558 696968414
98298674 577896174
765190399 795505141
448501179 866667957
559730756 318554865
208170994 272545017
499520732 885763027
350451279 115050248
515782242 245788936
877186146 200478522
746510146 693809829
205015976 55072052
302733366 321409961
195945815 310171169
293090690 468165439
779989610 653094904
511892170 684264443
812900801 121039547
898874966 419933978
379715359 454586803
932403469 837110212
691019578 449272503
947092124 857387595
40157073 918047076
576008898 78031211
862909386 176594531
930042230 474177930
623667223 366640295
286744319 827280374
929049569 709683374
461797836 986706476
469706806 140861885
363810112 454901005
336747437 453614887
150704745 177112615
466768955 92077956
866102360 987368180
408550274 505291259
138690476 482363412
555603826 372602746
85289137 753169043
993116994 582521850
680865321 908192039
114840842 689336765
810134675 714272625
775636417 209638546
375150074 541743928
261363490 299395853
924276082 580111283
79241783 629615057
982414915 290226878
145200992 12596936
987999108 473820192
347888681 846106214
722167666 671149261
481204140 391932139
553478891 167455776
702656359 599172512
989946676 367853854
613783972 543225366
684247708 348235703
366402902 652700012
841990144 880073734
590027396 686810504
502125696 280142222
431587891 25763418
45938193 835801212
502288729 332624670
301463640 608040681
601078317 739032984
277708162 648595479
152501315 832519511
676112819 844959665
978730950 458277108
61116299 795351309
162178266 80036690
963555562 21495403
992597365 896308445
99247626 200776756
145991346 321043661
595682264 993752125
845447095 669907553
248768047 355876100
155242772 217950758
811545029 116919023
896911326 958519600
992933822 101948305
808798515 129332317
136711117 341874919
124566911 406893975
181164999 301164692
849702456 846402832
745374370 996039979
619915590 496518788
660600588 293670755
905766201 211508860
984621728 932503393
507128121 599263112
470486580 925783027
123492618 677272962
774817622 206284753
461931329 214418639
998708622 772401373
51658256 159448990
467044609 866308961
226151969 88352040
582903891 443447637
532747707 737848560
658715655 140749207
260174372 110903811
554623308 865371954
378276785 474865206
763794609 155908762
140262031 895413612
360326762 378030828
126171933 123549903
99433318 75745584
63350572 561020436
279207331 972562328
909599767 207571130
494470835 15151296
574697911 212478792
246401151 405456622
601104439 375994515
764345113 183001936
441735199 594029815
72426897 236869442
105472086 80362907
94112631 571120519
168454299 326910384
902352203 875729293
680058502 601699760
567349806 338218156
96158769 944256160
551869587 361572197
195577436 31294800
50173667 208786596
686160919 758247319
683870767 797149951
452404336 628449177
606628077 699551222
756053568 16588035
328392209 283555123
618095735 362942027
485101130 857647561
522275803 67530738
152790173 934831991
558394464 199523779
713535345 699505124
524567638 816893459
444592166 590540770
239557743 823677185
517746224 16324780
958893728 523701173
827937930 50076969
420367905 862562210
634209999 827838249
185160850 563745733
12126504 22904996
47304061 940095461
822218749 83272448
124725873 955105747
906232419 337649225
653862382 22547113
117284092 74641017
102752088 742158860
403075172 820289199
822080980 555332460
859784329 418796665
532056793 844660033